2 738954.0 7500.0 1974.0 294476.0 0.0 53290.0 13421.0 116054.0 252634.0 0.0
10 6710.0 1184.0 1184.0 22106.0 0.0 8289.0 11052.0 5921.0 14210.0 0.0
20 9868.0 790.0 1184.0 3553.0 0.0 15000.0 2369.0 10658.0 15790.0 0.0
30 13421.0 1184.0 1579.0 6710.0 0.0 30790.0 2764.0 13421.0 21711.0 0.0
40 16579.0 1184.0 1974.0 9868.0 0.0 28027.0 3553.0 16974.0 67106.0 0.0
50 19737.0 1579.0 2368.0 10658.0 0.0 55658.0 3947.0 41053.0 61579.0 0.0
100 38290.0 2368.0 4737.0 23290.0 0.0 68685.0 7500.0 39079.0 106185.0 0.0
150 54474.0 3553.0 6710.0 59606.0 0.0 101843.0 11842.0 64343.0 190659.0 0.0
200 73027.0 5131.0 9080.0 51710.0 0.0 159080.0 15001.0 105396.0 291713.0 0.0
300 151580.0 6316.0 13421.0 95922.0 0.0 344609.0 22895.0 129080.0 462241.0 0.0
400 112895.0 9079.0 17369.0 129080.0 0.0 164212.0 43816.0 262108.0 331187.0 0.0
500 79738.0 10658.0 22106.0 43027.0 0.0 112107.0 43816.0 180397.0 367109.0 0.0
1000 158686.0 32369.0 55658.0 69079.0 0.0 156712.0 113685.0 392371.0 813165.0 0.0
1500 237239.0 43027.0 85658.0 101448.0 0.0 104606.0 106975.0 284213.0 1154616.0 0.0
2000 313424.0 53290.0 103422.0 148423.0 0.0 139343.0 106974.0 155528.0 522636.0 0.0
5000 109343.0 3948.0 5526.0 268423.0 0.0 369872.0 39079.0 105791.0 1511066.0 0.0
10000 187896.0 7895.0 9869.0 605926.0 0.0 317766.0 67106.0 117633.0 3347004.0 0.0
25000 469346.0 31184.0 25658.0 2737918.0 0.0 842376.0 198950.0 358029.0 6986114.0 0.0
50000 1367775.0 39474.0 48158.0 3296871.0 0.0 2066465.0 339477.0 693164.0 1.3046957E7 0.0
75000 1755015.0 55658.0 71842.0 5187677.0 0.0 4299512.0 933166.0 1076457.0 2.1400057E7 0.0
100000 2538181.0 71448.0 94738.0 7081641.0 0.0 6958088.0 641453.0 1176721.0 2.822038E7 0.0
250000 6645453.0 185528.0 267634.0 1.9540831E7 0.0 2.7582085E7 4595566.0 9691665.0 8.3320998E7 0.0
500000 1.4798025E7 344608.0 484741.0 4.0488909E7 0.0 6.824547E7 1.2363661E7 2.4370873E7 2.73847546E8 0.0
