2 472110.0 8290.0 1974.0 302371.0 4737.0 45001.0 15395.0 138949.0 288160.0 0.0
10 6711.0 1184.0 1184.0 1974.0 12237.0 8289.0 1974.0 5921.0 13422.0 0.0
20 9869.0 790.0 1184.0 3947.0 42237.0 15000.0 2369.0 9473.0 15000.0 0.0
30 13422.0 790.0 1579.0 6316.0 91580.0 22105.0 3158.0 13027.0 23684.0 0.0
40 17369.0 1184.0 1974.0 10658.0 169738.0 29605.0 3947.0 17368.0 66317.0 0.0
50 20527.0 1579.0 2369.0 12632.0 314213.0 36711.0 7500.0 30790.0 70264.0 0.0
100 37500.0 3158.0 5921.0 59211.0 33158.0 67106.0 9079.0 44211.0 131843.0 0.0
150 55264.0 3947.0 6711.0 42632.0 73816.0 100659.0 16580.0 90791.0 295266.0 0.0
200 72632.0 5921.0 11053.0 78158.0 178423.0 156712.0 24869.0 114475.0 425925.0 0.0
300 171712.0 7500.0 13421.0 105001.0 263686.0 202502.0 23684.0 146449.0 318161.0 0.0
400 118816.0 11448.0 22106.0 55263.0 578689.0 175660.0 29211.0 90791.0 255397.0 0.0
500 84474.0 11053.0 22105.0 29605.0 718428.0 112896.0 44211.0 183555.0 342634.0 0.0
1000 159081.0 27632.0 52501.0 68290.0 3275950.0 185922.0 64343.0 92764.0 292108.0 0.0
1500 244739.0 1579.0 1974.0 88027.0 6280713.0 121186.0 23290.0 45790.0 445662.0 0.0
2000 313818.0 1973.0 2369.0 100659.0 1.1166415E7 138554.0 16184.0 25658.0 517504.0 0.0
5000 112501.0 3947.0 5132.0 257765.0 6.7792703E7 334345.0 38290.0 75001.0 1554488.0 0.0
10000 186317.0 8290.0 9868.0 578689.0 2.74237549E8 341056.0 71053.0 121580.0 3279107.0 0.0
25000 496583.0 21316.0 28026.0 1569093.0 1.730896444E9 817902.0 158291.0 309871.0 6610322.0 0.0
50000 1009746.0 39474.0 48553.0 3439373.0 7.489609448E9 1786595.0 309082.0 610269.0 1.2791561E7 0.0
75000 1769226.0 55264.0 73817.0 5012018.0 1.5743903532E10 4837147.0 1342511.0 1173563.0 2.5726805E7 0.0
100000 2169099.0 89211.0 155528.0 8218099.0 2.8004284907E10 4605040.0 698690.0 1273827.0 2.7021159E7 0.0
250000 6800587.0 182370.0 245528.0 1.9408987E7 1.75649264144E11 2.8978676E7 5450574.0 8329021.0 9.1171594E7 0.0
500000 1.6615804E7 493425.0 504084.0 4.1797868E7 7.06690114636E11 7.115668E7 1.4087887E7 2.9726314E7 3.19783871E8 0.0
