2 9473.0 3552.0 233686.0
10 1185.0 1185.0 2763.0
20 790.0 1579.0 5526.0
30 1184.0 1974.0 7895.0
40 1578.0 2369.0 12237.0
50 1973.0 3553.0 16974.0
100 3157.0 5921.0 41448.0
150 4736.0 8685.0 51711.0
200 5921.0 11053.0 69870.0
300 9869.0 16974.0 122369.0
400 11842.0 22105.0 164607.0
500 13816.0 27237.0 218686.0
1000 32369.0 58422.0 463030.0
1500 42632.0 81316.0 673822.0
2000 56843.0 112501.0 322503.0
5000 138554.0 269607.0 358424.0
10000 13421.0 14210.0 735401.0
25000 31579.0 35527.0 2089360.0
50000 64737.0 71843.0 4185037.0
75000 60001.0 76579.0 5302152.0
100000 76185.0 104212.0 7232432.0
250000 182765.0 257371.0 2.1540585E7
500000 539215.0 681717.0 4.4844869E7
