1 0.5 0.5 0.5 0.5
2 0.5 1.0 4.0 16.0
10 0.009765625 0.09765625 9.765625 976.5625
20 1.9073486328125E-5 3.814697265625E-4 0.152587890625 61.03515625
30 2.7939677238464355E-8 8.381903171539307E-7 7.543712854385376E-4 0.6789341568946838
40 3.637978807091713E-11 1.4551915228366852E-9 2.3283064365386963E-6 0.003725290298461914
50 4.440892098500626E-14 2.220446049250313E-12 5.551115123125783E-9 1.3877787807814457E-5
100 7.888609052210118E-29 7.888609052210118E-27 7.888609052210118E-23 7.888609052210118E-19
150 1.0509738482436128E-43 1.5764607723654192E-41 3.5470367378221932E-37 7.980832660099935E-33
200 1.2446030555722283E-58 2.4892061111444567E-56 9.956824444577827E-52 3.9827297778311307E-47
300 1.472728039589318E-88 4.418184118767954E-86 3.9763657068911585E-81 3.5787291362020427E-76
400 1.5490367659397273E-118 6.196147063758909E-116 9.913835302014255E-111 1.5862136483222808E-105
500 1.5274681817498023E-148 7.637340908749012E-146 1.909335227187253E-140 4.7733380679681323E-135
1000 9.332636185032189E-299 9.332636185032189E-296 9.332636185032189E-290 9.332636185032189E-284
1500 0.0 0.0 0.0 0.0
2000 0.0 0.0 0.0 0.0
5000 0.0 0.0 0.0 0.0
10000 0.0 0.0 0.0 0.0
25000 0.0 0.0 0.0 0.0
50000 0.0 0.0 0.0 0.0
75000 0.0 0.0 0.0 0.0
100000 0.0 0.0 0.0 0.0
250000 0.0 0.0 0.0 0.0
500000 0.0 0.0 0.0 0.0
